        # Quadratic B-spline for circle
        3
        knots[12] = 0.0 0.0 0.0 1.0 1.0 2.0
                    2.0 3.0 3.0 4.0 4.0 4.0
        # Control points
        1.0             0.0             1.0
        0.707107        0.707107        0.707107
        0.0             1.0             1.0
        -0.707107       0.707107        0.707107
        -1.0            0.0             1.0
        -0.707107       -0.707107       0.707107
        0.0             -1.0            1.0
        0.707107        -0.707107       0.707107
        1.0             0.0             1.0
