#
# deepak tolani
#
# An embryo of some ugly critter ?
#

3
knots[22]=
0.000000
0.000000
0.000000
1.000000
2.000000
3.000000
4.000000
5.000000
6.000000
7.000000
8.000000
9.000000
10.000000
11.000000
12.000000
13.000000
14.000000
15.000000
16.000000
17.000000
17.000000
17.000000
-0.536000 0.152000 1.000000
-0.540000 0.076000 1.000000
-0.456000 -0.168000 1.000000
-0.176000 -0.460000 1.000000
0.276000 -0.528000 1.000000
0.520000 -0.400000 1.000000
0.712000 0.112000 1.000000
0.664000 0.440000 1.000000
0.308000 0.652000 1.000000
0.148000 0.620000 1.000000
0.092000 0.168000 1.000000
0.268000 0.112000 1.000000
0.464000 0.172000 1.000000
0.472000 0.084000 1.000000
0.072000 -0.040000 1.000000
0.132000 -0.268000 1.000000
-0.188000 -0.260000 1.000000
-0.352000 -0.120000 1.000000
-0.552000 0.152000 1.000000
