# CS668 lab 1 curve dump
# from Myron's program
# Myron Ahn 1-28-92
# b-spline description of the TA and professor of cs668
# yet another desperate attempt to raise my grade

# order
4
knots[46] = 
      0.000000
      0.000000
      0.000000
      0.000000
      1.000000
      2.000000
      3.000000
      4.000000
      5.000000
      6.000000
      7.000000
      8.000000
      9.000000
      10.000000
      11.000000
      12.000000
      13.000000
      14.000000
      15.000000
      16.000000
      17.000000
      18.000000
      19.000000
      20.000000
      21.000000
      22.000000
      23.000000
      24.000000
      25.000000
      26.000000
      27.000000
      28.000000
      29.000000
      30.000000
      31.000000
      32.000000
      33.000000
      34.000000
      35.000000
      36.000000
      37.000000
      38.000000
      39.000000
      39.000000
      39.000000
      39.000000

# data points

-0.692646  -0.140910  1.000000
-0.522948  0.057035  1.000000
-0.429441  0.285175  1.000000
-0.470999  0.590480  1.000000
-0.616455  0.348920  1.000000
-0.644161  0.150975  1.000000
-0.626845  0.026840  1.000000
-0.543727  -0.104005  1.000000
-0.474463  -0.144265  1.000000
-0.380955  -0.050325  1.000000
-0.429441  0.040260  1.000000
-0.429441  0.040260  1.000000
-0.429441  0.040260  1.000000
-0.183551  0.043615  1.000000
-0.138529  0.100650  1.000000
-0.218184  0.157685  1.000000
-0.308228  0.077165  1.000000
-0.322080  -0.030195  1.000000
-0.238963  -0.107360  1.000000
-0.103897  -0.114070  1.000000
0.013853  -0.023485  1.000000
0.148919  0.281820  1.000000
0.110823  0.647515  1.000000
-0.038096  0.342210  1.000000
-0.020779  0.134200  1.000000
0.110823  -0.124135  1.000000
0.266669  -0.147620  1.000000
0.367102  0.036905  1.000000
0.484852  0.318725  1.000000
0.450220  0.627385  1.000000
0.308228  0.372405  1.000000
0.290911  0.144265  1.000000
0.439830  -0.137555  1.000000
0.595676  -0.117425  1.000000
0.678793  -0.020130  1.000000
0.723815  0.134200  1.000000
0.637234  0.194590  1.000000
0.561043  0.104005  1.000000
0.550654  -0.030195  1.000000
0.661477  -0.117425  1.000000
0.800006  -0.161040  1.000000
0.893513  -0.097295  1.000000
