#  Paul's Bspline
3
knots[24] =     0.000000
    0.000000
    0.000000
    1.000000
    2.000000
    3.000000
    4.000000
    5.000000
    6.000000
    7.000000
    8.000000
    9.000000
    10.000000
    11.000000
    12.000000
    13.000000
    14.000000
    15.000000
    16.000000
    17.000000
    18.000000
    19.000000
    19.000000
    19.000000
#   The control points  
0.660320 -0.242469 1.000000
0.157704 -0.246411 1.000000
0.289971 -0.480995 1.000000
0.039680 -0.496765 1.000000
-0.084448 -0.252325 1.000000
-0.363227 -0.240498 1.000000
-0.367297 -0.124191 1.000000
-0.566716 -0.116306 1.000000
-0.365262 -0.122220 1.000000
-0.361192 -0.025627 1.000000
-0.228925 -0.023656 1.000000
-0.224855 0.061110 1.000000
-0.098692 0.055196 1.000000
-0.055959 0.055196 1.000000
0.114971 0.252325 1.000000
0.318460 0.238526 1.000000
0.218750 0.041397 1.000000
0.485320 0.033512 1.000000
0.550436 0.177416 1.000000
0.680669 0.181359 1.000000
0.672530 -0.240498 1.000000
