#  Paul's Bspline
3
knots[15] =     0.000000
    0.000000
    0.000000
    1.000000
    2.000000
    3.000000
    4.000000
    5.000000
    6.000000
    7.000000
    8.000000
    9.000000
    10.000000
    10.000000
    10.000000
#   The control points  
0.769894 -0.188183 1.000000
-0.316297 -0.209858 1.000000
-0.318331 -0.093599 1.000000
-0.538011 -0.085717 1.000000
-0.316297 -0.089658 1.000000
-0.306127 -0.002956 1.000000
-0.027460 -0.002956 1.000000
-0.009153 0.093599 1.000000
0.562420 0.073894 1.000000
0.586828 0.263062 1.000000
0.812610 0.263062 1.000000
0.769894 -0.186212 1.000000
