# by danny albocher

3
knots[12]=
0.000000
0.000000
0.000000
1.000000
1.000000
2.000000
2.000000
3.000000
3.000000
4.000000
4.000000
4.000000
1.048837 0.027907 1.000000
0.741640 0.726840 0.707107
0.048837 1.027907 1.000000
-0.672574 0.726840 0.707107
-0.951163 0.027907 1.000000
-0.672574 -0.687374 0.707107
0.048837 -0.972093 1.000000
0.741640 -0.687374 0.707107
1.048837 0.027907 1.000000
4
knots[29]=
0.000000
0.000000
0.000000
0.000000
4.000000
5.000000
6.000000
7.000000
8.000000
9.000000
10.000000
11.000000
12.000000
13.000000
14.000000
15.000000
16.000000
17.000000
17.250000
17.500000
18.000000
19.000000
19.500000
20.000000
21.000000
25.000000
25.000000
25.000000
25.000000
-0.669767 0.167442 1.000000
-9.029231 -4.127648 18.488426
-0.523256 -0.000000 1.000000
-0.348837 0.062791 1.000000
0.013953 0.013953 1.000000
-0.160465 -0.383721 1.000000
-0.348837 -0.383721 1.000000
-1.163145 -0.624973 2.488320
-0.174419 -0.634884 1.000000
-0.153488 -0.446512 1.000000
0.181395 -0.355814 1.000000
0.320930 -0.258140 1.000000
0.167442 0.055814 1.000000
0.411628 -0.202326 1.000000
1.814323 -2.419097 6.191736
9.674176 -1.701938 12.839185
0.376744 0.453488 1.000000
0.286047 0.488372 1.000000
0.090698 0.418605 1.000000
0.481395 0.600000 1.000000
0.020930 0.509302 1.000000
-0.132558 0.516279 1.000000
-0.397674 0.202326 1.000000
-0.683721 0.230233 1.000000
-0.669767 0.181395 1.000000
4
knots[9]=
0.000000
0.000000
0.000000
0.000000
4.000000
8.000000
8.000000
8.000000
8.000000
-0.265116 0.286047 1.000000
-0.139535 0.418605 1.000000
-0.027907 0.425581 1.000000
-0.097674 0.348837 1.000000
-0.272093 0.286047 1.000000
